//red country
466,287.4403,-53.5151,1.3217,180.3743,62,34 ;
422,109.2890,-150.6062,1.7835,182.5754,89,108 ;
498,-196.8096,-232.7299,1.4901,90.5921,133,57 ;
403,-199.9957,-285.4144,2.0351,90.5924,133,57 ;
403,-200.2189,-275.2891,2.0383,91.6567,133,57 ;
578,-194.7877,-196.3295,2.0529,257.8566,133,57 ;
422,-169.0730,-202.1836,1.4064,257.8462,133,57 ;
402,-39.7196,-377.4630,5.2613,180.2380,29,36 ;
566,-9.5253,-377.6481,5.2111,178.0852,30,8 ;
529,-0.4525,-353.8910,5.0621,269.4471,42,42 ;
603,-62.5941,-324.9349,5.2677,90.3766,70,67 ;
401,179.2976,-310.8240,1.3519,207.7475,47,47 ;
445,319.0325,-126.0534,2.0656,90.7404,120,119 ;
440,329.5297,-52.3254,1.6189,177.8881,32,32 ;
458,319.1395,-84.5798,2.0518,91.7452,101,1 ;
467,218.0327,-178.1497,1.3182,270.4043,58,8 ;
475,218.7911,-173.3128,1.3817,270.2328,123,65 ;
489,244.8729,-148.5339,1.7217,88.8350,14,123 ;
492,247.1553,-129.2907,2.0627,90.8534,77,26 ;
498,176.3295,-7.4976,1.6480,180.2088,105,113 ;
439,278.4608,-54.8498,1.4740,359.8853,8,17 ;
475,320.5600,-253.1715,1.3886,176.4384,17,1 ;
524,312.2956,-251.1326,2.5129,175.4649,61,27 ;
527,235.0123,-300.2693,1.2937,2.3086,53,1 ;
536,213.0004,-244.5481,1.3203,272.8867,38,103 ;
531,1077.2228,-288.7220,73.9531,358.7784,36,2 ;
422,1112.7650,-306.5776,73.9655,267.5965,101,25 ;
531,1067.0962,-288.6843,73.9569,2.3921,51,53 ;
599,622.2627,-610.1340,17.3154,270.2242,0,1 ;
599,622.2755,-606.0399,17.3060,269.8338,0,1
585,707.2459,-461.4757,15.9223,269.7682,91,35 ;
500,667.6416,-461.4851,16.4435,268.6327,40,84 ;
461,669.1239,-471.0320,15.9138,270.8030,37,1 ;
522,753.7540,-586.7284,16.9004,181.3295,36,105 ;
549,748.6429,-581.7985,16.9131,269.3827,94,94 ;
429,763.1589,-509.2891,16.8662,180.4318,127,44 ;
547,786.0645,-498.4352,17.0708,3.0965,123,1 ;
456,797.4796,-607.9578,16.5112,0.4182,84,63 ;
554,751.6056,-553.2162,17.3698,180.8741,15,32 ;
445,1396.5654,395.3847,19.6327,66.5844,47,47 ;
559,1404.2180,411.9715,19.4141,67.1748,58,8 ;
580,768.8481,348.3186,19.7428,190.0995,81,81 ;
473,2103.2500,-98.4897,-0.2214,122.9253,56,53 ; 
473,2108.5276,-106.2102,-0.2394,122.9441,56,15 ; 
448,2323.3232,63.0302,26.0883,265.2746,3,6 ; 
439,2358.1836,-62.4556,27.3646,179.8344,37,78 ; 
436,2443.9980,-47.9166,26.9963,179.6730,87,1 ; 
436,2503.7507,125.9338,26.2435,1.0102,92,1 ; 
419,2493.9170,95.9780,26.2806,179.8299,47,76 ; 
412,2549.9116,81.1802,26.3143,270.4565,10,8 ; 
410,2551.1191,9.4253,26.6691,270.6199,9,1 ; 
508,2502.7742,6.0906,27.5812,2.9588,1,1 ; 
505,2380.9570,37.7925,27.1163,89.9017,120,123 ; 
500,2211.6929,-88.3423,26.9028,88.7287,13,119 ; 
496,2263.8970,-82.7569,26.2452,1.1014,66,72 ; 
492,2257.5105,-83.1763,26.3074,359.2125,30,26 ; 
405,2290.2622,155.5207,26.9788,0.1090,24,1 ; 
532,1996.7520,175.8992,31.3614,79.7076,0,0 ; 
532,1914.0114,192.1063,36.0155,358.2132,0,0 ; 
478,1905.3486,174.1229,37.1748,341.5607,66,1 ; 
549,1240.2759,214.9924,19.2519,243.7370,79,39 ;
550,1367.7468,365.9338,20.3661,246.2637,15,15 ; 
547,1289.3826,339.9178,19.2903,247.1900,123,1 ; 
536,1231.7341,295.6075,19.2922,336.8393,57,96 ; 
455,-580.8631,-64.8466,65.3632,3.7867,84,31 ; 
468,-543.4543,-180.5744,78.0750,4.1580,53,53 ; 
468,-541.5284,-180.6667,78.0747,0.2240,53,53 ; 
471,-774.8654,-115.3844,64.6716,24.2185,120,112 ; 
471,-771.7146,-113.4644,64.8308,26.8406,120,112 ; 
532,-273.9301,-41.3983,3.4405,339.6638,0,0 ; 
532,-127.1731,55.7261,4.0943,158.3291,0,0 ; 
478,-137.3239,-48.9942,3.1078,342.2244,35,1 ; 
475,1368.2947,476.2750,19.9363,335.9672,37,0 ; 
475,2331.3064,133.1183,26.7203,270.6836,17,1 ; 
482,2308.6682,-74.7184,26.5995,89.9092,48,48 ; 
468,2208.6223,110.5543,27.0101,275.3439,53,53 ; 
471,1923.8339,147.8248,36.7282,93.4718,103,111 ; 
415,1586.3274,38.5556,24.6067,272.3959,25,1 ; 
468,1547.5862,10.6921,23.7739,265.3787,3,3 ; 
402,889.0992,-21.7845,63.1125,152.4678,13,13 ; 
403,1207.5240,189.3297,20.9522,334.8106,37,1 ; 
416,1249.8207,338.2164,19.6291,66.7975,1,3 ; 
482,1335.0803,284.7404,19.6860,243.0011,52,52 ; 
468,1414.2616,248.6772,19.2239,65.7798,6,6 ; 
475,751.2299,277.2577,27.1364,199.6289,56,29 ; 
468,747.8585,346.7843,20.1559,209.1134,6,6 ; 
403,221.6420,30.1998,3.1849,186.4463,28,1 ; 
525,157.2517,-166.2276,1.4527,90.9328,17,20 ; 
532,20.7659,24.6322,4.0942,340.4432,0,0 ; 
532,-6.4192,-11.1534,4.0939,163.1182,0,0 ; 
460,-332.7806,-467.6667,1.6828,228.5235,1,9 ; 
403,-564.8430,-473.1027,26.1267,178.3205,113,1 ; 
415,-535.2667,-488.2196,25.2958,358.2053,40,1 ; 
479,-499.9452,-472.3691,25.3184,178.8490,59,36 ; 
482,-480.4370,-486.2536,25.6331,177.1059,64,64 ;
// tierra
487,-2227.7432,2327.1260,7.7581,178.6620,29,42 ;
484,-2227.5676,2446.2383,0.2238,229.2436,40,26 ;
454,-2323.5996,2492.2419,-0.0163,230.2643,26,26 ; 
454,-2238.8279,2533.3970,0.0677,228.0608,26,26 ; 
454,-2235.0234,2394.8408,0.2049,225.3403,26,26 ; 
484,-2035.5737,2337.9326,0.3638,93.8940,66,36 ; 
460,-2044.7676,2348.1140,1.5708,85.2721,46,23 ; 
484,-2319.6973,2297.0566,0.1447,177.2915,66,36 ; 
524,-2380.8870,2370.3657,4.4518,109.2159,83,66 ; 
525,-2451.8999,2302.0273,4.8566,90.9255,1,1 ; 
541,-2616.7476,2250.0974,7.8063,184.5472,22,1 ; 
446,-2597.6831,2231.7883,-0.5205,262.0586,1,22 ;  
587,-2500.2227,2326.0215,4.6304,267.2316,95,1 ; 
409,-2492.2183,2410.7954,16.2328,29.6430,1,1 ; 
400,-2471.6484,2511.5083,17.8420,178.3649,84,110 ; 
477,-2482.4893,2224.7783,4.5955,179.0414,75,1 ; 
530,-2509.7058,2369.0825,4.7508,179.0875,110,1 ; 
473,-1374.8508,2116.4690,40.4058,319.3678,56,53 ; 
473,-1366.9723,2106.8796,40.2918,315.0820,56,53 ; 
468,-1824.8999,2035.1219,8.3037,212.8331,46,46 ; 
453,-1854.5022,2098.8430,-0.2039,102.5433,56,56 ; 
445,-1940.1118,2393.2588,49.3672,291.4925,39,39 ; 
482,-1934.0543,2377.3718,49.6189,290.8993,34,34 ; 
420,-866.0000,1557.1432,23.8370,269.2511,6,1 ; 
400,-904.0693,1546.9365,26.0011,270.6434,36,1 ; 
400,-880.8666,1518.9015,26.0064,84.4363,113,1 ; 
522,-855.4826,1529.1183,22.1490,175.2427,7,79 ; 
522,-854.3849,1528.8517,21.8310,177.4948,36,105 ; 
495,-771.4456,1436.7625,14.1395,89.8264,5,6 ; 
508,-720.9415,1438.1919,18.8516,358.8137,1,1 ; 
483,-685.9806,1444.2805,17.2557,358.8250,1,5 ; 
452,-859.7170,1383.5663,-0.4432,255.0147,1,35 ; 
525,-967.3431,1322.6412,39.9578,290.9068,52,54 ; 
508,-1202.8787,1677.6721,20.1641,63.4200,52,54 ; 
525,-1492.0199,1877.8156,32.5073,3.4296,52,54 ; 
522,-1460.4990,1871.0664,32.2060,3.0444,36,105 ; 
522,-1459.1002,1871.1023,32.1946,6.0306,51,118 ; 
522,-1457.7523,1871.1093,32.1942,8.4307,3,8 ; 
420,-1450.4545,1870.4369,32.4111,2.9921,6,1 ; 
525,-1766.5353,1882.8726,17.5407,198.3129,1,1 ; 
490,-680.4999,948.1251,12.0152,36.5625,-1,-1; 
473,-792.8611,937.9167,0.1685,121.3300,56,15 ; 
472,-615.6752,1807.6965,0.1010,81.7140,56,53 ; 
473,-527.8143,1634.6472,-0.2518,232.0554,56,15 ;
468,-1044.5811,1559.1265,32.8485,222.2500,3,3 ; 
586,-1203.9337,1813.2631,41.8329,44.3244,62,62 ;
568,-1295.9022,2496.5747,86.8474,198.8607,9,39 ;
568,-1506.3029,1966.6509,48.2421,293.1870,9,39 ; 
510,-767.7841,1103.9338,44.4799,321.7752,39,39 ; 
// bone
476,403.6754,2456.9727,16.7825,357.7751,15,123 ; Rustler
586,423.4558,2541.1025,15.9887,339.6539,10,1 ; Wayfarer
543,385.2093,2603.5049,16.3080,192.7106,67,8 ; Sadler
473,260.6835,2936.9685,0.1290,358.4063,56,53 ; Dinghy
468,-146.0389,2681.6436,62.0454,272.4597,46,46 ; Sanchez
489,-270.6937,2675.0889,62.7954,251.3489,14,123 ; Rancher
471,-165.8631,2715.0740,61.9532,88.0077,103,111 ; Quad
463,-322.7055,2671.4551,62.2949,179.9792,79,79 ; Freeway
468,-255.1318,2766.75,61.9963,181.5453,3,3 ; Sanchez
424,-17.3881,2355.6077,23.8879,143.4369,3,2 ; BF Injection
548,350.5939,1984.1194,19.3047,92.2205,1,1 ; Cargobob
470,282.3898,1955.3890,17.6341,270.8638,43,0 ; Patriot
482,-528.5228,2571.3865,53.5349,269.2740,32,32 ; Burrito
424,-527.7629,2604.1191,53.1937,271.2167,2,2 ; BF Injection
411,-519.1963,2617.6292,53.1448,90.1552,64,1 ; Infernus
600,-421.8827,2225.4055,42.0774,180.3449,8,90 ; Picador
568,-363.7965,2215.8901,42.3509,72.2219,9,39 ; Bandito
568,-366.0048,2213.4297,42.3455,69.9285,17,1 ; Bandito
471,-399.0436,2252.6685,41.8178,300.8135,120,112 ; Quad
461,-301.5291,1777.7788,42.2720,92.8800,37,1 ; PCJ-600
468,-290.4525,1746.2904,42.3604,91.2906,3,3 ; Sanchez
508,-302.0461,1755.6252,43.0626,271.1350,1,1 ; Journey
568,-162.9634,1673.1277,14.4768,202.5489,21,1 ; Bandito
508,-285.4013,1562.1003,75.7344,137.1875,1,1 ; Journey
468,-307.6941,1556.6575,75.0275,45.6280,46,46 ; Sanchez
424,-299.3567,1577.7837,75.1395,313.4809,3,2 ; BF Injection
478,-336.6758,1514.6866,75.3520,180.0568,45,1 ; Walton
495,-359.6404,1596.7112,77.3610,356.9484,115,43 ; Sandking
421,-291.1455,1308.1112,53.8199,82.9306,71,72 ; Washington
581,-291.5828,1293.2133,53.2624,258.5006,58,1 ; BF-400
403,-290.1071,1317.4010,55.3024,262.6769,24,77 ; Linerunner
433,277.9318,2020.2458,18.0773,271.3422,43,0 ; Barracks
433,277.5226,2025.6991,18.0772,270.0389,43,0 ; Barracks
470,270.1317,1830.0344,17.6344,143.8543,43,0 ; Patriot
470,103.0628,1914.8339,18.3727,40.8428,43,0 ; Patriot
468,136.2435,1892.8341,18.0553,270.1823,46,46 ; Sanchez
548,359.2137,1913.9470,19.2744,133.3756,1,1 ; Cargobob
586,-89.7496,1365.3422,9.7936,285.2903,10,1 ; Wayfarer
466,-85.4119,1340.1921,10.5036,7.1843,68,76 ; Glendale
468,9.3781,1377.7744,8.8402,294.2037,6,6 ; Sanchez
422,833.7327,840.1547,11.8228,24.4117,101,25 ; Bobcat
543,830.2897,838.6003,11.3841,23.9283,43,8 ; Sadler
468,827.4531,860.1788,12.0124,109.8286,46,46 ; Sanchez
422,836.8755,842.0146,12.0941,26.4861,111,31 ; Bobcat
468,580.7761,864.2721,-43.7228,275.0642,53,53 ; Sanchez
468,631.1497,894.8027,-43.2460,149.4182,3,3 ; Sanchez
543,683.0380,839.5352,-43.1469,55.1710,67,8 ; Sadler
543,576.0908,872.8019,-43.8402,181.5102,8,90 ; Sadler
554,486.3824,859.6133,-29.9394,199.5197,45,32 ; Yosemite
468,325.5537,854.3142,20.0746,292.9197,46,46 ; Sanchez
422,374.6481,870.9434,20.3944,29.1111,67,59 ; Bobcat
554,368.3893,869.1057,20.4881,353.6958,34,30 ; Yosemite
468,446.0428,914.1238,-8.4729,4.2421,3,3 ; Sanchez
408,-82.4225,1133.9078,20.2849,89.4278,26,26 ; Trashmaster
600,-140.4019,1132.2213,19.4622,166.3078,43,8 ; Picador
402,-177.5177,1219.8247,19.5739,89.4745,13,13 ; BUffalo
478,-247.5334,1183.9092,19.7249,89.9570,59,1 ; Walton
420,-131.1938,1216.3356,19.5211,273.1837,6,1 ; Taxi
463,-86.8976,1222.4147,19.2826,1.5395,84,84 ; Freeway
475,-34.2045,1166.1117,19.2470,180.8655,9,39 ; Sabre
479,-14.0528,1219.9521,19.1505,180.8122,59,36 ; Regina
508,5.5720,1164.8835,19.9813,180.1032,1,1 ; Journey
546,70.3248,1218.6127,18.5363,344.9671,78,38 ; Intruder
554,59.3390,1157.9760,18.7484,180.9685,15,32 ; Yosemite
600,92.6611,1173.9310,18.3813,90.7633,11,11 ; Picador
543,-30.8094,1083.9031,19.5579,1.1170,32,8 ; Sadler
468,-22.2045,1123.5083,19.4094,176.0903,46,46 ; Sanchez
403,-159.1066,1060.1151,20.6254,0.9132,62,77 ; Linerunner
599,-224.8071,998.3138,19.7815,274.7940,0,1 ; Police Ranger
489,-369.5547,1127.0491,19.9030,88.9193,14,123 ; Rancher
468,-2.8215,943.7739,19.2857,266.8889,3,3 ; Sanchez
600,13.2779,904.8585,23.3526,188.5502,43,8 ; Picador
421,-43.5167,892.9460,22.0018,142.2973,71,72 ; Washington
463,-330.2067,827.7351,13.7821,359.8963,53,53 ; Freeway
482,-288.9207,833.3483,13.2276,94.7101,32,32 ; Burrito
403,582.1791,1215.0780,12.8863,211.4348,39,78 ; Linerunner
543,575.5624,1209.5081,12.1971,211.3290,76,8 ; Sadler
554,484.7194,1381.9646,4.7876,235.2010,14,32 ; Yosemite
586,650.1385,1702.9343,6.5119,313.6105,10,1 ; Wayfarer
567,658.5644,1721.3257,6.8587,221.6448,88,64 ; Savanna
586,651.9063,1700.9137,6.5111,313.4966,13,1 ; Wayfarer
403,600.2841,1651.9192,7.5816,243.8007,25,1 ; Linerunner
435,605.6486,1655.4606,7.5724,64.8614,28,1 ; MODEL 435
450,635.8098,1225.5219,12.7302,122.5696,62,77 ; MODEL 450
567,686.5157,1946.5956,5.4101,359.8968,93,64 ; Savanna
478,755.5939,1967.2079,5.3298,282.8079,20,1 ; Walton
468,768.3365,2012.5627,5.5681,262.9368,6,6 ; Sanchez
554,768.9951,2089.9961,6.8011,350.1155,15,32 ; Yosemite
568,-267.6664,2085.4219,28.2351,247.1185,21,1 ; Bandito
473,-483.4696,2180.5840,40.2966,179.7985,56,53 ; Dinghy
473,-483.3937,2187.7937,40.3838,179.0521,56,15 ; Dinghy
568,-186.4468,1861.0107,51.1178,240.6369,56,29 ; Bandito
568,-167.0720,1672.7179,14.8377,174.3531,9,39 ; Bandito
508,64.9485,968.3702,16.9385,271.0810,1,1 ; Journey
429,168.0688,1182.8462,14.4375,171.1509,14,14 ; Banshee
586,180.4965,1170.9260,14.2779,57.3350,10,1 ; Wayfarer
424,309.9406,1152.2440,8.3663,92.8471,24,53 ; BF Injection
468,408.5380,1169.1869,7.5731,270.9850,6,6 ; Sanchez
524,687.0164,895.0749,-38.5860,78.9521,61,27 ; Cement Truck
468,-735.1237,2755.1318,46.8951,266.4757,46,46 ; Sanchez
478,-767.0835,2758.8774,45.7563,358.3536,66,1 ; Walton
479,-784.2089,2753.3965,45.4415,269.4912,59,36 ; Regina
468,-866.5963,2767.2468,45.6691,269.6088,53,53 ; Sanchez
482,-844.1183,2753.1841,45.9700,271.7795,64,64 ; Burrito
460,-943.4880,2640.3840,42.2746,216.3266,1,9 ; Skimmer
489,-1445.9099,2629.4878,55.9792,68.1607,14,123 ; Rancher
471,-1447.7238,2645.5598,55.3170,254.0852,74,91 ; Quad
468,-1474.1904,2702.0869,55.4260,157.1582,53,53 ; Sanchez
496,-1478.3545,2650.0291,55.5523,0.1259,66,72 ; Blista Compact
443,-1296.2134,2713.6497,50.6959,5.7505,20,1 ; Packer
403,-1329.1465,2671.8989,50.6692,262.2381,37,1 ; Linerunner
435,-1307.8534,2705.8735,49.6342,184.4975,3,8 ; Trailer (MODELID 435)
468,-662.1753,2305.8408,135.7179,90.3149,53,53 ; Sanchez
531,-778.7887,2420.9666,157.0897,144.8344,36,2 ; Tractor
554,-809.7922,2406.8044,156.3750,191.0582,15,32 ; Yosemite
// flint
599,-807.0116,-942.0936,104.6271,314.7196,0,1 ; 
405,-589.3418,-1079.1355,23.3771,236.8904,24,1 ; 
505,-569.3895,-1048.4032,24.0146,237.8018,14,123 ; 
403,-349.3221,-1052.6652,59.4551,89.0788,14,123 ; 
505,-388.6629,-1150.0758,69.5786,357.9839,14,123 ; 
403,-76.0173,-1110.5597,1.0456,157.5384,36,2 ; 
531,-41.9499,-1153.2262,1.0440,63.5908,36,2 ; 
403,-39.6653,-1149.7799,1.0409,65.3597,36,2 ; 
531,-82.1817,-1137.4266,1.0402,340.8923,36,2 ; 
531,-85.4142,-1135.9938,1.0412,337.3026,36,2 ; 
403,-184.4848,-1307.1466,5.7091,103.7043,36,2 ; 
531,-367.7308,-1437.3649,25.6921,89.2236,36,2 ; 
422,-587.1984,-1499.8407,10.1747,36.7555,97,25 ; 
422,-657.5599,-1606.0066,25.1821,175.4014,97,25 ; 
400,-495.5439,-1834.0343,17.7955,184.7055,101,1 ; 
473,-512.5999,-1902.9431,5.0016,179.0171,56,53 ; 
468,-655.3087,-1998.3328,26.7546,211.5583,46,46 ; 
466,-841.4815,-2274.6650,20.8199,210.7536,68,76 ; 
466,-714.6012,-2547.3081,50.9399,128.7565,68,76 ; 
473,-485.8806,-2852.4319,-0.1373,248.4979,56,15 ; 
473,-196.7365,-2925.3259,0.0006,269.7706,56,15 ; 
473,-237.4600,-1794.3876,-0.1057,3.6694,56,15 ; 
468,-271.2445,-1790.1851,10.9364,163.2745,3,3 ; 
400,-379.1094,-2171.6399,46.6781,140.2350,62,1 ;  
410,-1196.9539,-2364.4788,18.5773,236.2259,9,1 ; 
400,-20.6879,-2498.1814,36.7408,122.2802,4,1 ; 
400,-17.0690,-2520.2581,36.7478,213.8456,4,1 ; 
410,-31.9095,-2493.5383,36.3036,194.0151,10,1 ; 
599,-11.5140,-2512.1458,36.8428,121.2561,0,1 ; 
489,20.0119,-2648.0332,40.6164,92.6500,112,120 ; 
489,-186.1633,-2516.2021,31.3678,342.0027,112,120 ; 
466,-384.6082,-2474.8984,102.4780,268.9366,25,76 ; 
466,-485.5412,-2688.4248,152.3252,102.3787,25,76 ; 
471,-765.0049,-2686.1196,83.7728,114.8461,120,112 ;   
483,-1030.8571,-658.6420,32.0001,90.1086,1,31 ; 
466,-1407.8011,-1165.6597,103.0781,151.5499,78,76 ; 
531,-1444.6823,-1496.3507,101.7242,183.6463,91,2 ; 
531,-1417.1289,-1534.5874,101.7193,184.5565,91,2 ;
531,-1451.8495,-1456.9764,101.7236,175.8479,91,2 ;  
468,-219.3871,-906.6091,40.6608,186.4501,46,46 ; 
471,-504.2122,-1660.6406,10.6085,43.9901,103,111 ; 
468,-916.9662,-1459.5214,122.9255,13.1392,46,46 ; 
468,-1071.7697,-1296.8829,128.8868,278.9760,46,46 ; 
468,-1112.6062,-1671.9421,76.0362,359.7007,46,46 ; 
471,-1040.5020,-1662.9651,77.5813,217.8248,74,91 ; 
471,-925.3805,-1439.3502,125.5587,24.4562,74,83 ;  
531,-85.5815,-1608.7993,2.7154,300.0013,36,2 ; 
403,-47.9698,-1570.7786,3.2227,152.9310,37,1 ; 
400,-93.0630,-1194.6671,2.3429,344.3191,123,1 ; 
422,-81.0025,-1198.4222,2.2849,345.3639,97,25 ;
// whetstone
402,-2507.2949,-2661.3745,41.6141,47.4363,110,110 ;
489,-2226.7434,-2328.2502,30.7267,320.7235,112,120 ;
489,-2222.2510,-2313.6255,30.7043,139.2188,84,110 ;
492,-2237.1716,-2319.5217,30.1612,320.8835,81,27 ;
416,-2202.5034,-2315.8738,30.7133,319.2146,1,3 ;
437,-2183.7781,-2251.1504,30.7739,50.7582,47,74 ;
439,-2195.2422,-2265.3093,30.5210,141.9245,67,8 ;
468,-2119.6216,-2309.6587,30.2906,236.4014,46,46 ;
468,-2090.2646,-2343.2664,30.2931,133.5882,46,46 ;
478,-2139.3381,-2394.7605,30.5346,321.4478,39,1 ;
403,-2000.1112,-2415.5122,31.5910,229.2187,42,76 ;
483,-2047.1421,-2548.5454,30.6175,143.9577,1,5 ;
496,-2090.5361,-2547.2097,30.3414,319.1863,22,22 ;
499,-2147.2827,-2540.9390,30.6123,321.3171,30,44 ;
507,-2198.5273,-2501.1497,30.4429,142.3857,42,42 ;
508,-2238.4976,-2476.8638,31.5504,135.3413,1,1 ;
525,-2201.8979,-2431.7083,30.5065,143.2419,18,20 ;
468,-2408.1938,-2180.6550,32.9574,359.2591,46,46 ;
468,-2408.5000,-2185.9998,32.9470,320.6251,46,46 ;
468,-2404.6194,-2184.0007,32.9580,180.5767,46,46 ;
468,-2410.8003,-2193.1538,32.9575,98.7390,46,46 ;
468,-2383.4412,-2195.6008,32.9551,269.5914,46,46 ;
421,-2232.4705,-2168.4863,40.0861,269.7545,60,72 ;
586,-2211.9084,-2152.1482,44.5665,39.1714,32,1 ;
586,-2341.5479,-1617.2042,483.2097,282.5971,32,1 ;
483,-2343.2617,-1613.8766,483.6216,105.4733,17,0 ;
508,-2338.5103,-1593.7384,483.9936,19.6733,1,1 ;
543,-1884.3240,-1746.2726,21.5641,116.1925,11,11 ;
568,-1425.6388,-1964.6725,16.7105,350.8758,21,1 ;
568,-1422.0557,-1774.0085,46.2861,324.6743,21,1 ;
424,-1642.4336,-2250.6626,31.2032,90.7391,3,2 ;
471,-1623.8788,-1935.3231,98.1842,9.9608,120,113 ;
471,-1423.5978,-1480.9163,101.1533,181.2331,120,113 ;
478,-1446.1260,-1494.6138,101.7287,5.6246,20,1 ;
468,-1460.7500,-1566.6244,101.4172,1.4063,3,3 ;
455,-1921.1332,-1376.5702,40.8204,60.9558,43,31 ;
568,-2675.9160,-2647.4185,8.6870,28.6794,21,1 ;
527,-2504.5608,-2310.4421,14.8242,97.2619,81,1 ;
543,-2522.9070,-2151.9607,30.3162,29.5732,67,8 ;
568,-2675.9160,-2647.4185,8.6870,28.6794,21,1 ;
487,-2249.4399,-1714.5770,480.3400,224.1963,26,3 ;
500,-2390.3206,-1866.1573,405.1097,113.9224,25,119 ;
533,-2096.2732,-1879.9227,110.1080,326.6144,79,1 ;
540,-2515.5264,-1995.7284,166.3035,28.0149,7,7 ;
554,-2669.3086,-1735.2327,252.3595,12.2743,53,32 ;
559,-2590.5930,-1618.1426,343.4677,186.3544,2,1 ;
579,-2106.7739,-1752.2147,195.3652,327.5763,53,53 ;
595,-2819.6802,-2525.9888,0.4586,189.6302,112,20 ;
453,-2741.3564,-2707.7283,0.1389,208.1954,56,56 ;
484,-2548.1646,-2873.2219,0.3669,268.3289,40,26 ;
484,-2476.8723,-2872.8672,0.4027,271.5837,40,26 ;
473,-2251.1206,-2847.8003,-0.3512,165.8474,56,53 ;
424,-2242.9829,-2821.8870,2.7472,94.0740,15,30 ;
506,-1604.3470,-2709.3530,48.2387,54.1573,3,3 ;
536,-1561.9785,-2720.5659,48.2750,234.6728,37,1 ;
545,-1569.3097,-2733.4148,48.3547,326.8112,28,96 ;
582,-1557.6207,-2741.3735,48.5990,146.9182,41,20 ;
430,-1190.5161,-2686.8108,-0.2699,13.1617,46,26 ;
478,-1220.1482,-2632.0308,9.9623,84.2916,59,1 ;
473,-1249.5088,-2431.4194,-0.1994,349.6535,56,15 ;
473,-1183.5031,-2138.8706,-0.2420,8.5587,56,15 ;
446,-1429.5232,-2080.6206,-0.3127,148.7616,1,35 ;
446,-1544.0499,-2232.3506,-0.5151,167.9522,1,35 ;
453,-1639.3208,-1706.3165,-0.3042,73.0880,56,56 ;
460,-2038.7720,-1314.9452,1.7166,80.6954,17,23 ;
493,-2417.8992,-944.8141,-0.1597,61.3139,36,13 ;
468,-2508.1077,-1892.6254,297.1185,25.0147,46,46 ;